port: 4444
maxConn: 4
backlog: 20
filter: 0.000016619229044057786,0.00018281151948463563,0.0009140575974231782,0.0027421727922695345,0.00548434558453907,0.007678083818354697,0.007678083818354697,0.005484345584539069,0.0027421727922695345,0.0009140575974231782,0.00018281151948463563,0.000016619229044057786