port: 4444
maxConn: 4
backlog: 20
filter: -0.008714744830464477,-0.054112502607988215,-0.033243609372103,0.028615034119369467,0.14232499893478076,0.2530416744141692,0.29926671053557363,0.2530416744141692,0.14232499893478076,0.028615034119369467,-0.033243609372103,-0.054112502607988215,-0.008714744830464477